4294967279,92
4294967279,91
4294967279,90
4294967279,89
4294967279,87
4294967279,86
4294967279,85
4294967279,84
4294967279,310
4294967279,309
4294967279,189
4294967278,302
4294967279,307
4294967279,306
4294967279,300
4294967278,294
4294967278,293
4294967278,292
4294967279,106
4294967279,105
4294967279,104
4294967279,103
4294967279,102
4294967279,101
4294967279,100
4294967279,99
4294967279,98
4294967279,97
4294967279,96
4294967279,95
4294967279,94
4294967279,93
4294967278,291
4294967279,296
4294967278,290
4294967279,295
4294967279,420
4294967278,172
4294967279,419
4294967278,171
4294967279,294
4294967278,170
4294967278,169
4294967279,417
4294967278,351
4294967279,459
4294967278,166
4294967279,167
4294967278,165
4294967278,164
4294967279,131
4294967279,130
4294967279,129
4294967279,128
4294967279,127
4294967279,126
4294967279,125
4294967279,124
4294967279,123
4294967279,122
4294967279,121
4294967279,120
4294967279,119
4294967279,118
4294967279,117
4294967279,116
4294967279,115
4294967279,114
4294967279,113
4294967279,112
4294967279,111
4294967279,110
4294967279,109
4294967279,108
4294967279,107
4294967279,292
4294967279,458
4294967279,160
4294967278,158
4294967279,457
4294967279,456
4294967278,350
4294967278,63
4294967278,62
4294967278,61
4294967278,60
4294967278,59
4294967278,58
4294967278,57
4294967278,56
4294967278,55
4294967278,54
4294967278,53
4294967278,52
4294967278,51
4294967278,50
4294967278,49
4294967278,48
4294967278,47
4294967278,46
4294967278,45
4294967278,44
4294967278,43
4294967278,42
4294967278,288
4294967278,41
4294967278,40
4294967278,39
4294967278,38
4294967278,35
4294967278,34
4294967278,33
4294967278,32
4294967278,31
4294967278,30
4294967278,29
4294967278,28
4294967278,27
4294967278,26
4294967278,25
4294967278,24
4294967278,23
4294967278,22
4294967278,274
4294967278,21
4294967278,20
4294967278,273
4294967278,19
4294967278,340
4294967278,18
4294967278,17
4294967278,283
4294967278,16
4294967278,267
4294967278,15
4294967278,14
4294967278,13
4294967278,12
4294967278,11
4294967278,10
4294967278,9
4294967278,8
4294967278,7
4294967278,6
4294967278,5
4294967278,4
4294967279,132
4294967279,80
4294967279,79
4294967279,77
4294967279,76
4294967279,74
4294967279,73
4294967279,67
4294967279,66
4294967279,64
4294967279,63
4294967279,62
4294967279,61
4294967279,59
4294967279,58
4294967279,57
4294967279,55
4294967279,52
4294967279,51
4294967279,50
4294967279,174
4294967279,41
4294967279,39
4294967279,38
4294967279,35
4294967279,33
4294967279,31
4294967279,30
4294967279,27
4294967279,26
4294967279,25
4294967279,23
4294967279,22
4294967279,260
4294967278,37
4294967279,37
4294967278,36
4294967278,390
4294967278,349
4294967279,36
13,7
4294967294,5
4294967279,147
4294967279,146
4294967278,145
4294967279,145
4294967278,144
4294967279,143
4294967278,142
11,139
11,0
4294967279,142
4294967278,141
4294967279,141
4294967278,140
11,138
11,137
11,136
11,135
4294967279,139
4294967278,138
4294967279,279
4294967278,276
4294967278,136
4294967279,136
4,1
4294967279,135
3,6
7,5
4294967279,133
12,6
4294967279,282
4294967279,274
4294967279,270
4294967279,269
11,134
11,133
4294967279,267
11,132
11,131
11,130
11,129
11,127
11,126
11,125
11,124
11,123
11,122
11,121
11,120
4294967279,266
9,6
4294967279,265
9,4
9,10
4294967279,263
4294967294,42
4294967294,99
4294967294,76
4294967294,41
4294967294,1421
4294967294,417
4294967294,52
4294967279,262
4294967279,259
4294967279,258
3,4
3,5
2,4
2,5
7,1
11,95
4294967278,251
11,96
11,94
11,93
11,92
11,91
11,90
11,89
11,88
11,87
11,86
11,84
11,85
11,83
11,82
11,81
11,80
11,79
11,78
11,77
11,76
11,75
11,74
11,73
11,72
11,71
11,70
11,69
11,68
11,67
11,66
4294967278,249
4294967278,330
4294967278,329
4294967278,231
4294967278,229
4294967278,227
4294967278,225
4294967278,223
12,4
12,1
12,5
13,8
13,1
13,6
13,5
13,4
4294967278,300
4294967279,305
4294967278,299
4294967279,304
4294967278,298
4294967279,70
4294967279,303
4294967278,297
4294967279,69
4294967279,302
4294967278,296
4294967279,301
4294967279,179
4294967278,177
4294967278,176
4294967279,177
4294967278,175
4294967279,176
4294967278,173
4294967279,173
4294967279,172
4294967279,171
4294967279,170
4294967279,169
4294967279,168
4294967279,166
6,4
6,5
4294967279,165
5,4
4294967294,1417
5,5
6,6
5,6
4294967278,389
4294967279,163
4294967279,162
4294967278,388
4294967279,47
4294967278,387
4294967279,46
4294967278,386
4294967278,385
4294967279,44
4294967278,384
4294967279,43
4294967278,383
4294967279,42
4294967278,123
4294967278,121
4294967278,120
4294967278,119
4294967278,118
4294967278,117
4294967278,241
4294967278,116
4294967278,115
4294967278,114
4294967278,113
4294967278,112
4294967278,233
4294967278,111
4294967278,110
4294967278,109
4294967278,108
4294967278,107
4294967278,106
4294967278,105
4294967278,104
4294967278,103
4294967278,102
4294967278,101
4294967278,327
4294967278,100
4294967278,99
4294967278,98
4294967278,97
4294967278,96
4294967278,95
4294967278,321
4294967278,94
4294967278,93
4294967278,92
4294967278,91
4294967278,317
4294967278,90
4294967278,89
4294967278,313
4294967278,85
4294967278,312
4294967278,84
4294967278,83
4294967278,82
4294967278,81
4294967278,80
4294967278,79
4294967278,78
4294967278,77
4294967278,304
4294967278,76
4294967278,303
4294967278,75
4294967278,74
4294967278,73
4294967278,72
4294967278,71
4294967278,70
4294967278,69
4294967278,68
4294967278,67
4294967278,66
4294967278,65
4294967278,64
4294967279,78
